83 97
44 49 55 28 41 49 66 62 41 33 56 17 52 79 73 21 4 64 45 95 53 71 98 87 27 35 27 96 27 49 85 57 55 11 87 39 30 41 1 53 17 9 13 6 60 59 66 14 67 44 69 82 80 85 3 88 55 39 57 88 27 84 91 86 22 33 66 56 1 71 97 91 66 58 81 80 48 22 1 100 34 62 99 
64 25 86
59 58 47
52 71 18
34 38 18
4 60 22
33 78 33
54 33 53
37 82 83
75 5 3
41 62 34
16 3 51
3 17 57
55 41 52
54 3 20
67 6 32
81 51 32
47 56 62
26 8 54
42 27 82
1 81 69
44 5 68
72 34 89
46 41 28
9 64 73
44 69 99
16 40 21
13 15 69
77 22 68
67 66 36
43 17 54
70 13 67
39 49 44
49 33 72
67 78 67
75 0 17
62 38 15
28 27 11
70 13 1
63 30 55
75 43 65
1 80 23
2 21 48
34 64 7
7 33 18
61 67 34
74 43 7
45 12 93
38 59 44
45 44 33
22 55 48
60 38 28
0 79 67
29 4 41
76 64 38
7 78 78
21 64 99
37 24 73
79 64 14
60 31 41
68 3 1
82 27 54
46 31 14
35 51 3
35 32 1
46 10 25
33 34 35
5 9 74
2 49 74
43 16 2
62 53 96
8 32 78
23 67 24
44 5 4
37 22 55
81 16 72
62 72 16
59 11 90
33 72 65
77 37 40
63 15 94
16 36 41
69 16 62
45 82 24
72 58 40
72 2 70
21 43 69
75 32 73
7 40 13
54 14 89
63 62 8
60 76 19
71 59 37
75 57 47
13 74 77
19 82 49
76 79 76
5 14 11
73
95 31 75
89 1 8
35 40 51
57 42 33
49 49 7
44 29 82
85 35 31
73 37 50
11 15 55
39 6 47
5 35 80
72 44 12
85 13 38
21 61 9
59 29 78
95 2 0
87 71 38
60 12 67
63 14 52
25 81 24
91 54 77
84 80 19
92 29 18
78 58 39
26 13 27
27 30 2
59 4 47
23 66 53
97 53 58
23 49 80
18 6 22
9 39 32
37 14 81
25 23 13
57 69 67
58 75 67
11 46 34
49 5 14
83 25 39
40 39 42
41 27 20
52 11 68
92 57 72
9 22 20
74 51 24
82 73 54
26 28 61
75 67 51
53 12 76
23 21 20
14 7 24
35 64 36
2 71 8
52 38 34
74 45 67
38 48 7
73 60 46
81 30 68
34 36 73
86 49 80
46 71 76
70 6 66
81 31 41
21 6 71
56 77 55
45 50 24
34 58 2
23 79 3
49 62 71
83 47 71
85 29 27
55 3 11
36 20 75