57 71
100 80 95 87 44 77 65 96 53 61 30 83 67 44 43 28 81 58 88 31 14 13 89 50 24 64 23 58 88 7 83 80 41 56 70 1 76 75 51 16 33 38 47 29 70 84 62 38 97 41 51 30 28 83 30 24 96 51 -1 15
25 -1 88
41 -1 84
35 -1 15
4 -1 35
48 -1 99
25 -1 12
29 -1 56
1 -1 47
52 -1 32
56 -1 59
53 -1 45
43 -1 66
1 -1 27
36 -1 57
18 -1 62
40 -1 23
5 -1 52
49 -1 32
53 -1 56
25 -1 32
47 -1 45
40 -1 75
48 -1 26
18 -1 7
25 -1 10
22 -1 69
35 -1 45
11 -1 75
51 -1 42
27 -1 59
42 -1 38
17 -1 79
11 -1 72
8 -1 5
24 -1 9
15 -1 36
45 -1 28
49 -1 35
8 -1 34
34 -1 58
15 -1 89
44 -1 73
46 -1 55
55 -1 33
18 -1 16
56 -1 23
56 -1 98
52 -1 95
49 -1 59
2 -1 2
33 -1 48
21 -1 45
13 -1 87
32 -1 48
48 -1 13
37 -1 2
5 -1 100
39 -1 43
12 -1 84
5 -1 81
38 -1 57
23 -1 3
49 -1 4
10 -1 67
40 -1 67
16 -1 2
32 -1 71
27 -1 49
35 -1 14
6 -1 54
46 25 10
100 25 38
37 3 4
19 46 31
12 19 19
41 41 51
50 54 9
37 7 4
14 35 11
75 0 56
64 45 24
9 50 40
60 23 50
36 35 37
48 4 25
33 38 13
2 16 43
54 35 33
90 21 2
9 16 31
34 28 30
63 26 21
93 17 55
12 29 14
31 49 2
69 16 56
24 44 5
60 43 26
